weather_test_tiny_ASHyper_weather_ftM_sl24_ll12_pl24_dm32_nh2_el1_dl1_df128_fc1_ebtimeF_dtTrue_test_0  
mse:0.11091585457324982, mae:0.13997195661067963, rse:0.4424710273742676, corr:[0.48755294 0.48584735 0.48373663 0.48229194 0.48106351 0.47918716
 0.47665405 0.47426826 0.47168073 0.46879068 0.46570507 0.46347788
 0.46084452 0.4590396  0.45527446 0.45212868 0.4501819  0.4454025
 0.44248447 0.4389774  0.43576717 0.432317   0.42822832 0.42389366]

weather_test_minimal_ASHyper_weather_ftM_sl12_ll6_pl12_dm16_nh1_el1_dl1_df64_fc1_ebtimeF_dtTrue_test_0  
mse:3131.216064453125, mae:17.37729835510254, rse:74.35731506347656, corr:[0.02695053 0.02610438 0.02468518 0.02084871 0.02866143 0.0261904
 0.0311291  0.0316102  0.02526341 0.0375382  0.0269966  0.01710851]

weather_test_final_ASHyper_weather_ftM_sl12_ll6_pl12_dm16_nh1_el1_dl1_df64_fc1_ebtimeF_dtTrue_test_0  
mse:456.2547302246094, mae:5.567427635192871, rse:28.38382339477539, corr:[0.0248684  0.07375537 0.10765798 0.11162785 0.09461953 0.11022538
 0.09972776 0.12982546 0.0800819  0.11100492 0.08292229 0.0641429 ]

